34.0
67.0
54.0
60.0
34.0
40.0
59.0
21.0
18.0
102.0
65.0
102.0
59.0
29.0
145.0
148.0
103.0
56.0
29.0
56.0
60.0
71.0
37.0
67.0
40.0
23.0
11.0
37.0
35.0
16.0
82.0
37.0
113.0
83.0
50.0
18.0
15.0
30.0
19.0
87.0
87.0
46.0
14.0
23.0
11.0
65.0
114.0
37.0
12.0
96.0
23.0
15.0
14.0
119.0
73.0
45.0
10.0
110.0
54.0
46.0
52.0
112.0
35.0
54.0
11.0
11.0
39.0
15.0
65.0
19.0
27.0
96.0
94.0
43.0
83.0
42.0
42.0
30.0
80.0
119.0
15.0
67.0
73.0
51.0
61.0
40.0
136.0
31.0
125.0
24.0
140.0
136.0
133.0
31.0
85.0
106.0
23.0
22.0
10.0
35.0
50.0
22.0
35.0
65.0
36.0
65.0
69.0
64.0
80.0
153.0
47.0
108.0
111.0
46.0
47.0
62.0
40.0
28.0
56.0
89.0
89.0
56.0
13.0
34.0
102.0
90.0
12.0
12.0
16.0
19.0
134.0
99.0
99.0
26.0
29.0
63.0
52.0
45.0
105.0
108.0
63.0
52.0
63.0
20.0
63.0
141.0
94.0
88.0
30.0
43.0
11.0
69.0
99.0
99.0
129.0
128.0
129.0
128.0
22.0
86.0
20.0
20.0
31.0
121.0
121.0
96.0
101.0
42.0
44.0
63.0
8.0
18.0
18.0
42.0
35.0
49.0
35.0
38.0
20.0
42.0
42.0
110.0
42.0
65.0
62.0
85.0
67.0
26.0
143.0
144.0
127.0
49.0
126.0
28.0
28.0
120.0
55.0
27.0
93.0
31.0
24.0
145.0
49.0
39.0
37.0
28.0
28.0
120.0
95.0
19.0
19.0
62.0
15.0
65.0
41.0
121.0
49.0
41.0
44.0
144.0
58.0
72.0
10.0
28.0
55.0
63.0
81.0
23.0
63.0
37.0
106.0
49.0
58.0
37.0
37.0
38.0
38.0
39.0
38.0
37.0
62.0
24.0
109.0
24.0
24.0
23.0
51.0
73.0
39.0
23.0
37.0
34.0
21.0
86.0
34.0
119.0
13.0
56.0
45.0
33.0
45.0
67.0
35.0
49.0
27.0
10.0
61.0
37.0
27.0
23.0
61.0
23.0
65.0
38.0
94.0
61.0
27.0
23.0
13.0
47.0
19.0
10.0
53.0
47.0
71.0
71.0
49.0
53.0
49.0
98.0
49.0
18.0
48.0
16.0
53.0
27.0
70.0
29.0
31.0
33.0
44.0
15.0
28.0
21.0
90.0
25.0
54.0
14.0
12.0
30.0
25.0
105.0
98.0
135.0
72.0
53.0
92.0
74.0
59.0
74.0
59.0
87.0
18.0
73.0
50.0
50.0
14.0
13.0
21.0
15.0
41.0
41.0
114.0
44.0
38.0
21.0
16.0
58.0
99.0
29.0
21.0
18.0
14.0
14.0
32.0
63.0
34.0
15.0
46.0
28.0
34.0
26.0
19.0
77.0
165.0
32.0
55.0
29.0
23.0
41.0
81.0
50.0
37.0
15.0
42.0
21.0
42.0
24.0
75.0
18.0
63.0
25.0
46.0
72.0
47.0
15.0
47.0
18.0
24.0
60.0
27.0
43.0
27.0
27.0
54.0
37.0
48.0
42.0
53.0
49.0
88.0
43.0
26.0
95.0
25.0
38.0
124.0
49.0
49.0
42.0
124.0
38.0
64.0
41.0
27.0
25.0
28.0
30.0
16.0
49.0
86.0
78.0
77.0
19.0
122.0
134.0
20.0
124.0
20.0
52.0
67.0
48.0
60.0
24.0
60.0
48.0
48.0
32.0
30.0
35.0
24.0
66.0
24.0
18.0
54.0
18.0
62.0
22.0
54.0
50.0
29.0
27.0
43.0
19.0
27.0
31.0
72.0
16.0
27.0
35.0
35.0
26.0
35.0
22.0
67.0
19.0
22.0
65.0
22.0
47.0
23.0
19.0
25.0
129.0
15.0
26.0
51.0
18.0
21.0
48.0
47.0
52.0
68.0
14.0
24.0
28.0
16.0
20.0
28.0
31.0
23.0
17.0
18.0
18.0
24.0
17.0
17.0
14.0
67.0
26.0
56.0
25.0
27.0
81.0
91.0
16.0
38.0
113.0
16.0
81.0
38.0
76.0
76.0
24.0
22.0
26.0
21.0
13.0
62.0
43.0
43.0
62.0
49.0
15.0
15.0
151.0
14.0
16.0
32.0
106.0
33.0
43.0
133.0
142.0
116.0
53.0
106.0
85.0
55.0
33.0
28.0
42.0
42.0
33.0
32.0
28.0
33.0
13.0
35.0
17.0
47.0
17.0
20.0
53.0
15.0
106.0
28.0
21.0
69.0
25.0
25.0
45.0
44.0
96.0
23.0
23.0
17.0
23.0
17.0
47.0
19.0
121.0
110.0
60.0
47.0
19.0
15.0
15.0
20.0
42.0
37.0
42.0
28.0
47.0
78.0
46.0
14.0
111.0
110.0
40.0
14.0
14.0
15.0
21.0
80.0
38.0
47.0
102.0
50.0
13.0
75.0
149.0
75.0
43.0
38.0
109.0
24.0
18.0
30.0
22.0
23.0
35.0
14.0
35.0
63.0
24.0
20.0
52.0
65.0
39.0
57.0
16.0
29.0
29.0
103.0
71.0
71.0
28.0
17.0
16.0
112.0
104.0
32.0
45.0
58.0
58.0
15.0
15.0
31.0
84.0
31.0
19.0
43.0
86.0
102.0
33.0
147.0
145.0
23.0
57.0
40.0
68.0
40.0
68.0
40.0
11.0
20.0
14.0
28.0
148.0
32.0
155.0
71.0
30.0
29.0
53.0
32.0
42.0
20.0
13.0
20.0
42.0
27.0
13.0
54.0
48.0
16.0
15.0
31.0
15.0
45.0
13.0
151.0
13.0
17.0
31.0
17.0
31.0
87.0
49.0
40.0
29.0
58.0
15.0
152.0
15.0
40.0
38.0
9.0
17.0
14.0
93.0
62.0
122.0
125.0
44.0
25.0
25.0
72.0
19.0
88.0
25.0
23.0
84.0
14.0
54.0
19.0
37.0
35.0
33.0
84.0
112.0
33.0
48.0
77.0
34.0
48.0
49.0
22.0
45.0
22.0
106.0
48.0
127.0
12.0
13.0
49.0
11.0
11.0
58.0
37.0
14.0
19.0
72.0
39.0
22.0
22.0
58.0
104.0
38.0
16.0
139.0
18.0
101.0
101.0
28.0
57.0
68.0
31.0
28.0
40.0
40.0
66.0
40.0
32.0
47.0
33.0
31.0
31.0
88.0
104.0
35.0
19.0
35.0
44.0
48.0
74.0
98.0
94.0
32.0
94.0
143.0
144.0
44.0
45.0
16.0
48.0
18.0
34.0
92.0
45.0
37.0
96.0
37.0
85.0
61.0
61.0
58.0
58.0
119.0
82.0
130.0
87.0
13.0
26.0
60.0
64.0
42.0
14.0
14.0
108.0
17.0
86.0
46.0
18.0
10.0
10.0
10.0
12.0
15.0
14.0
24.0
38.0
7.0
41.0
38.0
30.0
27.0
47.0
59.0
22.0
42.0
36.0
36.0
16.0
37.0
8.0
37.0
45.0
24.0
9.0
24.0
48.0
51.0
23.0
55.0
100.0
100.0
28.0
26.0
34.0
31.0
68.0
92.0
42.0
31.0
31.0
39.0
31.0
32.0
22.0
22.0
122.0
55.0
55.0
14.0
55.0
47.0
32.0
24.0
85.0
88.0
25.0
84.0
85.0
86.0
24.0
22.0
24.0
43.0
43.0
46.0
48.0
10.0
10.0
16.0
14.0
43.0
69.0
88.0
21.0
35.0
26.0
88.0
69.0
30.0
28.0
56.0
64.0
99.0
52.0
86.0
18.0
86.0
88.0
43.0
43.0
43.0
43.0
11.0
39.0
33.0
33.0
18.0
18.0
115.0
78.0
9.0
61.0
11.0
11.0
9.0
8.0
10.0
11.0
6.0
62.0
45.0
79.0
46.0
23.0
79.0
46.0
45.0
28.0
77.0
73.0
75.0
28.0
19.0
25.0
38.0
66.0
38.0
25.0
72.0
72.0
26.0
42.0
11.0
25.0
17.0
52.0
45.0
24.0
20.0
24.0
12.0
21.0
21.0
21.0
12.0
10.0
9.0
11.0
23.0
10.0
51.0
36.0
32.0
38.0
18.0
16.0
27.0
38.0
48.0
10.0
113.0
46.0
22.0
10.0
10.0
13.0
12.0
13.0
72.0
72.0
119.0
29.0
6.0
17.0
28.0
70.0
17.0
6.0
11.0
7.0
70.0
27.0
21.0
27.0
68.0
47.0
68.0
88.0
41.0
11.0
11.0
10.0
12.0
12.0
47.0
27.0
8.0
45.0
8.0
27.0
25.0
24.0
55.0
12.0
19.0
32.0
31.0
7.0
27.0
28.0
109.0
109.0
23.0
8.0
8.0
9.0
9.0
18.0
43.0
36.0
52.0
68.0
18.0
14.0
15.0
14.0
27.0
48.0
17.0
35.0
56.0
42.0
39.0
32.0
26.0
39.0
39.0
53.0
38.0
45.0
51.0
14.0
17.0
51.0
45.0
25.0
20.0
77.0
77.0
10.0
90.0
52.0
10.0
8.0
16.0
15.0
17.0
10.0
20.0
26.0
10.0
10.0
52.0
37.0
92.0
75.0
37.0
92.0
67.0
8.0
8.0
8.0
278.0
8.0
289.0
70.0
59.0
70.0
64.0
9.0
30.0
41.0
41.0
74.0
19.0
16.0
31.0
17.0
20.0
17.0
18.0
16.0
18.0
36.0
25.0
30.0
25.0
25.0
49.0
17.0
24.0
13.0
66.0
14.0
55.0
35.0
10.0
80.0
21.0
21.0
21.0
24.0
15.0
17.0
28.0
33.0
29.0
13.0
27.0
11.0
52.0
89.0
70.0
10.0
135.0
38.0
18.0
15.0
50.0
13.0
13.0
94.0
86.0
79.0
71.0
12.0
20.0
70.0
51.0
21.0
14.0
21.0
11.0
12.0
70.0
38.0
38.0
63.0
38.0
88.0
101.0
54.0
37.0
20.0
21.0
19.0
21.0
21.0
38.0
60.0
48.0
44.0
14.0
12.0
44.0
16.0
65.0
65.0
59.0
47.0
11.0
78.0
47.0
47.0
11.0
54.0
61.0
119.0
39.0
12.0
39.0
119.0
19.0
20.0
12.0
41.0
12.0
64.0
56.0
94.0
9.0
77.0
94.0
9.0
10.0
12.0
76.0
44.0
44.0
44.0
52.0
44.0
24.0
15.0
53.0
15.0
13.0
9.0
29.0
79.0
74.0
24.0
50.0
44.0
44.0
89.0
23.0
20.0
77.0
46.0
21.0
88.0
66.0
58.0
90.0
66.0
36.0
18.0
113.0
17.0
18.0
24.0
20.0
60.0
65.0
40.0
86.0
160.0
34.0
48.0
34.0
36.0
37.0
37.0
60.0
14.0
13.0
35.0
46.0
60.0
69.0
33.0
33.0
56.0
24.0
66.0
26.0
51.0
36.0
36.0
19.0
51.0
87.0
60.0
64.0
44.0
44.0
36.0
81.0
10.0
10.0
81.0
9.0
54.0
54.0
22.0
69.0
36.0
47.0
31.0
7.0
110.0
110.0
12.0
60.0
28.0
12.0
60.0
77.5
77.5
29.0
18.0
9.0
28.0
57.0
15.0
68.0
68.0
88.0
91.0
29.0
91.0
63.0
88.0
27.0
41.0
65.0
69.0
91.0
46.0
41.0
91.0
64.0
88.0
46.0
18.0
55.0
34.0
34.0
34.0
34.0
38.0
91.0
91.0
67.0
25.0
48.0
11.0
40.0
26.0
26.0
26.0
31.0
31.0
31.0
31.0
31.0
20.0
28.0
13.0
12.0
12.0
41.0
73.0
46.0
57.0
57.0
28.0
32.0
28.0
67.0
98.0
28.0
38.0
54.0
28.0
63.0
31.0
42.0
45.0
105.0
74.0
8.0
66.0
14.0
66.0
89.0
29.0
100.0
31.0
74.0
28.0
35.0
35.0
25.0
105.0
105.0
84.0
85.0
23.0
23.0
49.0
111.0
33.0
33.0
12.0
59.0
73.0
12.0
11.0
104.0
28.0
24.0
141.0
141.0
24.0
13.0
46.0
34.0
22.0
54.0
53.0
54.0
16.0
19.0
22.0
89.0
15.0
18.0
15.0
37.0
19.0
133.0
19.0
58.0
55.0
31.0
23.0
23.0
60.0
23.0
55.0
67.0
47.0
74.0
11.0
25.0
95.0
95.0
90.0
39.0
8.0
92.0
28.0
98.0
30.0
22.0
92.0
98.0
30.0
39.0
54.0
29.0
28.0
17.0
53.0
85.0
23.0
17.0
89.0
85.0
20.0
15.0
64.0
13.0
31.0
39.0
53.0
53.0
54.0
32.0
54.0
49.0
24.0
16.0
44.0
45.0
82.0
89.0
82.0
89.0
14.0
22.0
13.0
22.0
9.0
12.0
11.0
25.0
23.0
17.0
13.0
11.0
18.0
13.0
18.0
147.0
28.0
28.0
147.0
16.0
13.0
16.0
15.0
64.0
60.0
14.0
12.0
12.0
14.0
12.0
25.0
20.0
48.0
27.0
17.0
65.0
65.0
65.0
58.0
44.0
20.0
27.0
44.0
23.0
58.0
61.0
47.0
34.0
38.0
24.0
59.0
52.0
18.0
28.0
22.0
84.0
29.0
35.0
45.0
31.0
26.0
60.0
32.0
49.0
38.0
19.0
19.0
28.0
26.0
26.0
50.0
24.0
26.0
27.0
54.0
28.0
23.0
24.0
20.0
23.0
115.0
131.0
131.0
131.0
20.0
20.0
20.0
42.0
52.0
20.0
42.0
34.0
35.0
25.0
104.0
50.0
92.0
20.0
29.0
27.0
20.0
32.0
26.0
32.0
27.0
98.0
34.0
48.0
60.0
28.0
102.0
79.0
35.0
26.0
40.0
38.0
44.0
51.0
40.0
44.0
42.0
